# IR Spectrum
# X-Axis:  Frequency (cm-1)
# Y-Axis:  &epsilon; (M-1 cm-1)

# Peak information
#                  X                   Y
#     234.0479000000       18.1446341864
#     355.0278000000     1458.5252196327
#     414.5786000000      101.1113287904
#     425.0291000000        2.1325388974
#     523.6576000000       59.3955627779
#     540.8244000000        8.8001781963
#     635.6139000000        2.1383857286
#     707.8246000000       98.1849122925
#     770.3775000000      321.7441471296
#     839.3691000000        0.0960076174
#     845.7499000000       80.0950336698
#     900.9366000000       38.8924983233
#     974.1621000000        0.1253133953
#     999.4905000000        0.7663547577
#    1022.5571000000        3.3497362679
#    1066.1714000000       18.2472493065
#    1117.6154000000       40.0315662903
#    1195.9988000000       34.2901725542
#    1217.3550000000        3.8086487944
#    1226.7885000000      445.3487876714
#    1333.9969000000      243.6229570200
#    1371.0351000000       17.8930513191
#    1395.8376000000      131.8034756434
#    1535.5796000000       81.7684050301
#    1571.4831000000      152.1422497348
#    1689.2797000000       87.0024038955
#    1703.9916000000      120.6452162505
#    3200.3190000000       19.8222123125
#    3221.5607000000        1.0617553557
#    3230.8437000000       25.4660827284
#    3246.1578000000       26.6579812005
#    3252.7098000000        7.1034289305
#    3847.7965000000       53.1665083657

# Spectra
#                  X                   Y               DY/DX
        0.0000000000        0.0000000000        0.0000000000
        8.0000000000        0.0000000000        0.0000000000
       16.0000000000        0.0000000000        0.0000000000
       24.0000000000        0.0000000000        0.0000000000
       32.0000000000        0.0000000000        0.0000000000
       40.0000000000        0.0000000000        0.0000000000
       48.0000000000        0.0000000000        0.0000000000
       56.0000000000        0.0000000000        0.0000000000
       64.0000000000        0.0000000000        0.0000000000
       72.0000000000        0.0000000000        0.0000000000
       80.0000000000        0.0024787679        0.0000321601
       88.0000000000        0.0027575529        0.0000377340
       96.0000000000        0.0030861431        0.0000446737
      104.0000000000        0.0034771449        0.0000534243
      112.0000000000        0.0039474195        0.0000646170
      120.0000000000        0.0045199294        0.0000791663
      128.0000000000        0.0052265916        0.0000984304
      136.0000000000        0.0061128162        0.0001244832
      144.0000000000        0.0072449744        0.0001605969
      152.0000000000        0.0087231676        0.0002121318
      160.0000000000        0.0107040763        0.0002882710
      168.0000000000        0.0134441125        0.0004056142
      176.0000000000        0.0173864052        0.0005962055
      184.0000000000        0.0233508708        0.0009272180
      192.0000000000        0.0329943054        0.0015552927
      200.0000000000        0.3485236499        0.0067495413
      208.0000000000        0.4165310232        0.0108675517
      216.0000000000        0.5432737918        0.0235274313
      224.0000000000        0.9209395467        0.0928399469
      232.0000000000        3.3885701053        0.5988983232
      240.0000000000        1.6863688929       -0.2555324540
      248.0000000000        0.9051159519       -0.0253359464
      256.0000000000        0.8720169711        0.0045996514
      264.0000000000        0.9545948896        0.0150690554
      272.0000000000        1.1082593323        0.0232644822
      280.0000000000        1.3317276518        0.0330847636
      288.0000000000        1.6488850396        0.0471706015
      296.0000000000        2.1078054772        0.0693743225
      304.0000000000        2.7999155912        0.1072511538
      312.0000000000        3.9092883638        0.1779651811
      320.0000000000        5.8483803026        0.3266684208
      328.0000000000        9.6999649808        0.6978821270
      336.0000000000       19.0858908383        1.9133355574
      344.0000000000       52.2792446969        8.3624942901
      352.0000000000      285.3363639150       68.6226860870
      360.0000000000      176.4494641109      -43.0324131745
      368.0000000000       39.2391875693       -5.4718855298
      376.0000000000       16.1596488959       -1.4286100250
      384.0000000000        9.0364403995       -0.5284344518
      392.0000000000        6.3364748458       -0.1815280062
      400.0000000000        6.1143149697        0.1710374842
      408.0000000000       12.4219663899        2.0852600702
      416.0000000000       34.3351500124       -5.1245986200
      424.0000000000        7.8343992152       -0.9511792934
      432.0000000000        3.2779499065       -0.2703831838
      440.0000000000        1.9894641760       -0.0955802240
      448.0000000000        1.4474876886       -0.0478597274
      456.0000000000        1.1542741845       -0.0277892315
      464.0000000000        0.9798547397       -0.0166666253
      472.0000000000        0.8794415985       -0.0086831127
      480.0000000000        0.8413048531       -0.0008270775
      488.0000000000        0.8753959321        0.0103319445
      496.0000000000        1.0363625784        0.0332294343
      504.0000000000        1.5181622451        0.1012538949
      512.0000000000        3.2711266877        0.4359522389
      520.0000000000       14.8762957227        3.6666005338
      528.0000000000       12.7816362297       -3.0304773188
      536.0000000000        4.2829676980        0.0364675728
      544.0000000000        3.5698273136       -0.7112269083
      552.0000000000        1.0682648281       -0.1105693731
      560.0000000000        0.5699057365       -0.0344247247
      568.0000000000        0.3835360188       -0.0155335927
      576.0000000000        0.2702861052       -0.0078889713
      584.0000000000        0.2232543595       -0.0042242481
      592.0000000000        0.1985633962       -0.0019716530
      600.0000000000        0.1899308225       -0.0002120600
      608.0000000000        0.1957462100        0.0017843725
      616.0000000000        0.3672072158        0.0075469784
      624.0000000000        0.4741297147        0.0235865952
      632.0000000000        1.0392365888        0.1673743678
      640.0000000000        0.9837442130       -0.1245474915
      648.0000000000        0.6419042317       -0.0041553847
      656.0000000000        0.6920426373        0.0136777083
      664.0000000000        0.8497253552        0.0262389014
      672.0000000000        1.1332000822        0.0469845820
      680.0000000000        1.6693814818        0.0944225193
      688.0000000000        2.9078553417        0.2407160448
      696.0000000000        6.8510535390        0.9552132712
      704.0000000000       32.2794755490        7.8789117254
      712.0000000000       29.8708874468       -7.1613943340
      720.0000000000        7.2724026954       -0.8156299244
      728.0000000000        4.2431426042       -0.1273855130
      736.0000000000        4.1375041274        0.0832541860
      744.0000000000        5.6659916918        0.3200351819
      752.0000000000       10.3320578757        0.9897357883
      760.0000000000       28.2802821967        4.6504429125
      768.0000000000      159.1179419139       34.8402222967
      776.0000000000       72.5885384721      -17.0419792670
      784.0000000000       17.4914031551       -2.2995166379
      792.0000000000        7.6061791222       -0.6259520659
      800.0000000000        4.4517908446       -0.2371185566
      808.0000000000        3.2047157927       -0.0926591742
      816.0000000000        2.8314842207       -0.0022238666
      824.0000000000        3.2657228251        0.1281294832
      832.0000000000        5.6600047619        0.5902044670
      840.0000000000       20.0983245192        4.4638250850
      848.0000000000       45.3803967434       -9.5353771062
      856.0000000000        8.5101687755       -1.3146622215
      864.0000000000        3.4768147985       -0.2713878431
      872.0000000000        2.2369514324       -0.0671071136
      880.0000000000        2.1480556512        0.0478436316
      888.0000000000        3.4223506884        0.3451429556
      896.0000000000       12.6221879422        2.9242899055
      904.0000000000       19.6056764011       -4.6301250949
      912.0000000000        3.9108057720       -0.5696189851
      920.0000000000        1.6227847370       -0.1349233969
      928.0000000000        0.9480000184       -0.0516378381
      936.0000000000        0.5311278878       -0.0239728892
      944.0000000000        0.3878438183       -0.0131994545
      952.0000000000        0.3064480368       -0.0076522365
      960.0000000000        0.2859764539       -0.0034186898
      968.0000000000        0.2838005419        0.0051095077
      976.0000000000        0.3330619181       -0.0160533691
      984.0000000000        0.2819909989        0.0031139728
      992.0000000000        0.3927917465        0.0333230256
     1000.0000000000        0.9408804996       -0.0322307629
     1008.0000000000        0.5030247405        0.0062743536
     1016.0000000000        1.0455631481        0.1793946508
     1024.0000000000        2.8965013804       -0.4123907864
     1032.0000000000        0.8023156873       -0.0669949436
     1040.0000000000        0.6908553993        0.0148310020
     1048.0000000000        1.0311800615        0.0797816430
     1056.0000000000        2.5145832680        0.3872324406
     1064.0000000000       13.2974828520        2.7361509488
     1072.0000000000        6.0691659883       -1.2420090397
     1080.0000000000        2.1475214904       -0.1458624443
     1088.0000000000        1.6997678580        0.0037616980
     1096.0000000000        2.0944670949        0.1028981930
     1104.0000000000        3.8477514900        0.4161705191
     1112.0000000000       13.8408266598        3.0888731184
     1120.0000000000       29.4618115161       -6.2770490733
     1128.0000000000        5.9879748929       -0.8227348835
     1136.0000000000        2.8950458167       -0.1579910549
     1144.0000000000        2.2421279104       -0.0308397042
     1152.0000000000        2.2135778271        0.0189882005
     1160.0000000000        2.5195733607        0.0582387819
     1168.0000000000        3.1888366896        0.1145428217
     1176.0000000000        4.7072891752        0.2430589272
     1184.0000000000        8.0704199039        0.7245464574
     1192.0000000000       24.3943764705        4.8000888719
     1200.0000000000       28.6404743610       -3.6623026543
     1208.0000000000       25.0676749996        1.6718835157
     1216.0000000000       62.5826988426        9.7426562970
     1224.0000000000      320.7419948643       74.4319879326
     1232.0000000000      176.6694345845      -42.4246311766
     1240.0000000000       40.8308898328       -5.5230027160
     1248.0000000000       17.3127174044       -1.4766837286
     1256.0000000000        9.8378889211       -0.5721186802
     1264.0000000000        6.6798296075       -0.2636209587
     1272.0000000000        5.1893696049       -0.1241683810
     1280.0000000000        4.5234938469       -0.0410525227
     1288.0000000000        4.4737290155        0.0291375602
     1296.0000000000        5.0442558697        0.1205811241
     1304.0000000000        6.6199762111        0.2971964644
     1312.0000000000       10.5608457463        0.7797795711
     1320.0000000000       22.7419387842        2.8053931924
     1328.0000000000       88.1998938845       20.0187539102
     1336.0000000000      226.7424924042      -45.0333829224
     1344.0000000000       40.7914973935       -6.6309428813
     1352.0000000000       15.9687683359       -1.2602194760
     1360.0000000000       11.3667315826        0.0080274417
     1368.0000000000       20.9362734248        3.2458385166
     1376.0000000000       17.5326702180       -1.5631930062
     1384.0000000000       20.3521855923        2.1425016390
     1392.0000000000       85.1535141912       20.6164518236
     1400.0000000000       78.0419087745      -19.1713567629
     1408.0000000000       16.7292481296       -2.3419938431
     1416.0000000000        7.1290245213       -0.5958309477
     1424.0000000000        4.1190060089       -0.2316640229
     1432.0000000000        2.8179231289       -0.1122092772
     1440.0000000000        2.1501294246       -0.0609725181
     1448.0000000000        1.7786835618       -0.0343915598
     1456.0000000000        1.5730514427       -0.0181043808
     1464.0000000000        1.4776076897       -0.0061751585
     1472.0000000000        1.4711809174        0.0045852889
     1480.0000000000        1.5546665151        0.0167576763
     1488.0000000000        1.7520846980        0.0338251475
     1496.0000000000        1.9552655979        0.0649268230
     1504.0000000000        2.6796365440        0.1241689133
     1512.0000000000        4.1808926245        0.2785755962
     1520.0000000000        8.1501587372        0.8552624602
     1528.0000000000       25.5923393558        4.9671669962
     1536.0000000000      110.4010207936       -5.4479164391
     1544.0000000000       24.6469529234       -3.5736117436
     1552.0000000000       14.8061378626        0.1264503612
     1560.0000000000       25.5137642036        3.2582738224
     1568.0000000000      119.7235512476       29.0758025373
     1576.0000000000       92.4240030199      -22.6383287364
     1584.0000000000       20.3106153016       -2.8059135593
     1592.0000000000        8.5702103377       -0.7229893845
     1600.0000000000        4.9324287404       -0.2770470339
     1608.0000000000        3.4028665604       -0.1280398531
     1616.0000000000        2.6727799665       -0.0619657821
     1624.0000000000        2.3372555510       -0.0246323262
     1632.0000000000        2.2538134763        0.0031342477
     1640.0000000000        2.3894022373        0.0316655741
     1648.0000000000        2.7906730072        0.0718281480
     1656.0000000000        3.6245777771        0.1453431117
     1664.0000000000        5.3657310028        0.3173913419
     1672.0000000000        9.6377760366        0.8722440875
     1680.0000000000       25.1308475476        4.0102988764
     1688.0000000000      126.3044396803       17.9892387969
     1696.0000000000       69.1988370144       -0.1825555430
     1704.0000000000      187.0347204662       -1.2975365009
     1712.0000000000       39.5540369649       -7.4364469473
     1720.0000000000       12.7383956753       -1.3685895368
     1728.0000000000        6.2896252213       -0.4603082132
     1736.0000000000        3.6649452157       -0.2078501386
     1744.0000000000        2.4392748350       -0.1118395622
     1752.0000000000        1.7435468538       -0.0671760124
     1760.0000000000        1.3097686532       -0.0435539487
     1768.0000000000        1.0206732011       -0.0298714879
     1776.0000000000        0.8181542214       -0.0213901613
     1784.0000000000        0.6706792925       -0.0158490339
     1792.0000000000        0.5599047482       -0.0120735779
     1800.0000000000        0.4745562940       -0.0094113089
     1808.0000000000        0.4073884525       -0.0074795142
     1816.0000000000        0.3535695549       -0.0060433963
     1824.0000000000        0.3097756479       -0.0049533530
     1832.0000000000        0.2736583176       -0.0041109371
     1840.0000000000        0.2435197316       -0.0034495316
     1848.0000000000        0.2181074597       -0.0029229475
     1856.0000000000        0.1232335437       -0.0016202824
     1864.0000000000        0.0000000000        0.0000000000
     1872.0000000000        0.0000000000        0.0000000000
     1880.0000000000        0.0000000000        0.0000000000
     1888.0000000000        0.0000000000        0.0000000000
     1896.0000000000        0.0000000000        0.0000000000
     1904.0000000000        0.0000000000        0.0000000000
     1912.0000000000        0.0000000000        0.0000000000
     1920.0000000000        0.0000000000        0.0000000000
     1928.0000000000        0.0000000000        0.0000000000
     1936.0000000000        0.0000000000        0.0000000000
     1944.0000000000        0.0000000000        0.0000000000
     1952.0000000000        0.0000000000        0.0000000000
     1960.0000000000        0.0000000000        0.0000000000
     1968.0000000000        0.0000000000        0.0000000000
     1976.0000000000        0.0000000000        0.0000000000
     1984.0000000000        0.0000000000        0.0000000000
     1992.0000000000        0.0000000000        0.0000000000
     2000.0000000000        0.0000000000        0.0000000000
     2008.0000000000        0.0000000000        0.0000000000
     2016.0000000000        0.0000000000        0.0000000000
     2024.0000000000        0.0000000000        0.0000000000
     2032.0000000000        0.0000000000        0.0000000000
     2040.0000000000        0.0000000000        0.0000000000
     2048.0000000000        0.0000000000        0.0000000000
     2056.0000000000        0.0000000000        0.0000000000
     2064.0000000000        0.0000000000        0.0000000000
     2072.0000000000        0.0000000000        0.0000000000
     2080.0000000000        0.0000000000        0.0000000000
     2088.0000000000        0.0000000000        0.0000000000
     2096.0000000000        0.0000000000        0.0000000000
     2104.0000000000        0.0000000000        0.0000000000
     2112.0000000000        0.0000000000        0.0000000000
     2120.0000000000        0.0000000000        0.0000000000
     2128.0000000000        0.0000000000        0.0000000000
     2136.0000000000        0.0000000000        0.0000000000
     2144.0000000000        0.0000000000        0.0000000000
     2152.0000000000        0.0000000000        0.0000000000
     2160.0000000000        0.0000000000        0.0000000000
     2168.0000000000        0.0000000000        0.0000000000
     2176.0000000000        0.0000000000        0.0000000000
     2184.0000000000        0.0000000000        0.0000000000
     2192.0000000000        0.0000000000        0.0000000000
     2200.0000000000        0.0000000000        0.0000000000
     2208.0000000000        0.0000000000        0.0000000000
     2216.0000000000        0.0000000000        0.0000000000
     2224.0000000000        0.0000000000        0.0000000000
     2232.0000000000        0.0000000000        0.0000000000
     2240.0000000000        0.0000000000        0.0000000000
     2248.0000000000        0.0000000000        0.0000000000
     2256.0000000000        0.0000000000        0.0000000000
     2264.0000000000        0.0000000000        0.0000000000
     2272.0000000000        0.0000000000        0.0000000000
     2280.0000000000        0.0000000000        0.0000000000
     2288.0000000000        0.0000000000        0.0000000000
     2296.0000000000        0.0000000000        0.0000000000
     2304.0000000000        0.0000000000        0.0000000000
     2312.0000000000        0.0000000000        0.0000000000
     2320.0000000000        0.0000000000        0.0000000000
     2328.0000000000        0.0000000000        0.0000000000
     2336.0000000000        0.0000000000        0.0000000000
     2344.0000000000        0.0000000000        0.0000000000
     2352.0000000000        0.0000000000        0.0000000000
     2360.0000000000        0.0000000000        0.0000000000
     2368.0000000000        0.0000000000        0.0000000000
     2376.0000000000        0.0000000000        0.0000000000
     2384.0000000000        0.0000000000        0.0000000000
     2392.0000000000        0.0000000000        0.0000000000
     2400.0000000000        0.0000000000        0.0000000000
     2408.0000000000        0.0000000000        0.0000000000
     2416.0000000000        0.0000000000        0.0000000000
     2424.0000000000        0.0000000000        0.0000000000
     2432.0000000000        0.0000000000        0.0000000000
     2440.0000000000        0.0000000000        0.0000000000
     2448.0000000000        0.0000000000        0.0000000000
     2456.0000000000        0.0000000000        0.0000000000
     2464.0000000000        0.0000000000        0.0000000000
     2472.0000000000        0.0000000000        0.0000000000
     2480.0000000000        0.0000000000        0.0000000000
     2488.0000000000        0.0000000000        0.0000000000
     2496.0000000000        0.0000000000        0.0000000000
     2504.0000000000        0.0000000000        0.0000000000
     2512.0000000000        0.0000000000        0.0000000000
     2520.0000000000        0.0000000000        0.0000000000
     2528.0000000000        0.0000000000        0.0000000000
     2536.0000000000        0.0000000000        0.0000000000
     2544.0000000000        0.0000000000        0.0000000000
     2552.0000000000        0.0000000000        0.0000000000
     2560.0000000000        0.0000000000        0.0000000000
     2568.0000000000        0.0000000000        0.0000000000
     2576.0000000000        0.0000000000        0.0000000000
     2584.0000000000        0.0000000000        0.0000000000
     2592.0000000000        0.0000000000        0.0000000000
     2600.0000000000        0.0000000000        0.0000000000
     2608.0000000000        0.0000000000        0.0000000000
     2616.0000000000        0.0000000000        0.0000000000
     2624.0000000000        0.0000000000        0.0000000000
     2632.0000000000        0.0000000000        0.0000000000
     2640.0000000000        0.0000000000        0.0000000000
     2648.0000000000        0.0000000000        0.0000000000
     2656.0000000000        0.0000000000        0.0000000000
     2664.0000000000        0.0000000000        0.0000000000
     2672.0000000000        0.0000000000        0.0000000000
     2680.0000000000        0.0000000000        0.0000000000
     2688.0000000000        0.0000000000        0.0000000000
     2696.0000000000        0.0000000000        0.0000000000
     2704.0000000000        0.0000000000        0.0000000000
     2712.0000000000        0.0000000000        0.0000000000
     2720.0000000000        0.0000000000        0.0000000000
     2728.0000000000        0.0000000000        0.0000000000
     2736.0000000000        0.0000000000        0.0000000000
     2744.0000000000        0.0000000000        0.0000000000
     2752.0000000000        0.0000000000        0.0000000000
     2760.0000000000        0.0000000000        0.0000000000
     2768.0000000000        0.0000000000        0.0000000000
     2776.0000000000        0.0000000000        0.0000000000
     2784.0000000000        0.0000000000        0.0000000000
     2792.0000000000        0.0000000000        0.0000000000
     2800.0000000000        0.0000000000        0.0000000000
     2808.0000000000        0.0000000000        0.0000000000
     2816.0000000000        0.0000000000        0.0000000000
     2824.0000000000        0.0000000000        0.0000000000
     2832.0000000000        0.0000000000        0.0000000000
     2840.0000000000        0.0000000000        0.0000000000
     2848.0000000000        0.0000000000        0.0000000000
     2856.0000000000        0.0000000000        0.0000000000
     2864.0000000000        0.0000000000        0.0000000000
     2872.0000000000        0.0000000000        0.0000000000
     2880.0000000000        0.0000000000        0.0000000000
     2888.0000000000        0.0000000000        0.0000000000
     2896.0000000000        0.0000000000        0.0000000000
     2904.0000000000        0.0000000000        0.0000000000
     2912.0000000000        0.0000000000        0.0000000000
     2920.0000000000        0.0000000000        0.0000000000
     2928.0000000000        0.0000000000        0.0000000000
     2936.0000000000        0.0000000000        0.0000000000
     2944.0000000000        0.0000000000        0.0000000000
     2952.0000000000        0.0000000000        0.0000000000
     2960.0000000000        0.0000000000        0.0000000000
     2968.0000000000        0.0000000000        0.0000000000
     2976.0000000000        0.0000000000        0.0000000000
     2984.0000000000        0.0000000000        0.0000000000
     2992.0000000000        0.0000000000        0.0000000000
     3000.0000000000        0.0000000000        0.0000000000
     3008.0000000000        0.0000000000        0.0000000000
     3016.0000000000        0.0000000000        0.0000000000
     3024.0000000000        0.0000000000        0.0000000000
     3032.0000000000        0.0000000000        0.0000000000
     3040.0000000000        0.0000000000        0.0000000000
     3048.0000000000        0.0378725907        0.0004969372
     3056.0000000000        0.0421844172        0.0005841509
     3064.0000000000        0.0491851210        0.0007172307
     3072.0000000000        0.1006373323        0.0014273813
     3080.0000000000        0.1131202121        0.0017043640
     3088.0000000000        0.1760343337        0.0026645997
     3096.0000000000        0.2125409405        0.0033947190
     3104.0000000000        0.2426290995        0.0041630415
     3112.0000000000        0.2798385810        0.0051912042
     3120.0000000000        0.3267064618        0.0066037598
     3128.0000000000        0.3870621156        0.0086074666
     3136.0000000000        0.4669428329        0.0115648306
     3144.0000000000        0.5763995199        0.0161562794
     3152.0000000000        0.7333758916        0.0237753084
     3160.0000000000        0.9730139922        0.0376231314
     3168.0000000000        1.3735199809        0.0663076488
     3176.0000000000        2.1445824507        0.1388960103
     3184.0000000000        4.0405881180        0.3955711814
     3192.0000000000       11.6140379834        2.0745165282
     3200.0000000000       56.5592904075        2.2761250531
     3208.0000000000       15.0555813214       -2.1399066064
     3216.0000000000       10.7241788713        0.5406972486
     3224.0000000000       24.5805732373        3.5809770921
     3232.0000000000       73.2826787329       -8.0993454813
     3240.0000000000       36.1583058798        3.2028724276
     3248.0000000000       74.3604333743      -10.1077336527
     3256.0000000000       24.6448214545       -4.9305834707
     3264.0000000000        7.0842950460       -0.8029906444
     3272.0000000000        3.4353154946       -0.2521845074
     3280.0000000000        2.0746533711       -0.1132817182
     3288.0000000000        1.4050140192       -0.0613782509
     3296.0000000000        1.0212106658       -0.0373021031
     3304.0000000000        0.7788904204       -0.0245006197
     3312.0000000000        0.6152738395       -0.0170212817
     3320.0000000000        0.4991976972       -0.0123387317
     3328.0000000000        0.4136571735       -0.0092477954
     3336.0000000000        0.3486871817       -0.0071202035
     3344.0000000000        0.2981128425       -0.0056050625
     3352.0000000000        0.2579320648       -0.0044952416
     3360.0000000000        0.2254532700       -0.0036627832
     3368.0000000000        0.1675543798       -0.0026529950
     3376.0000000000        0.1481954673       -0.0022051878
     3384.0000000000        0.1302215805       -0.0018309197
     3392.0000000000        0.0728426980       -0.0010087879
     3400.0000000000        0.0653967327       -0.0008581177
     3408.0000000000        0.0132716336       -0.0001708135
     3416.0000000000        0.0000000000        0.0000000000
     3424.0000000000        0.0000000000        0.0000000000
     3432.0000000000        0.0000000000        0.0000000000
     3440.0000000000        0.0000000000        0.0000000000
     3448.0000000000        0.0000000000        0.0000000000
     3456.0000000000        0.0000000000        0.0000000000
     3464.0000000000        0.0000000000        0.0000000000
     3472.0000000000        0.0000000000        0.0000000000
     3480.0000000000        0.0000000000        0.0000000000
     3488.0000000000        0.0000000000        0.0000000000
     3496.0000000000        0.0000000000        0.0000000000
     3504.0000000000        0.0000000000        0.0000000000
     3512.0000000000        0.0000000000        0.0000000000
     3520.0000000000        0.0000000000        0.0000000000
     3528.0000000000        0.0000000000        0.0000000000
     3536.0000000000        0.0000000000        0.0000000000
     3544.0000000000        0.0000000000        0.0000000000
     3552.0000000000        0.0000000000        0.0000000000
     3560.0000000000        0.0000000000        0.0000000000
     3568.0000000000        0.0000000000        0.0000000000
     3576.0000000000        0.0000000000        0.0000000000
     3584.0000000000        0.0000000000        0.0000000000
     3592.0000000000        0.0000000000        0.0000000000
     3600.0000000000        0.0000000000        0.0000000000
     3608.0000000000        0.0000000000        0.0000000000
     3616.0000000000        0.0000000000        0.0000000000
     3624.0000000000        0.0000000000        0.0000000000
     3632.0000000000        0.0000000000        0.0000000000
     3640.0000000000        0.0000000000        0.0000000000
     3648.0000000000        0.0000000000        0.0000000000
     3656.0000000000        0.0000000000        0.0000000000
     3664.0000000000        0.0000000000        0.0000000000
     3672.0000000000        0.0000000000        0.0000000000
     3680.0000000000        0.0000000000        0.0000000000
     3688.0000000000        0.1109764546        0.0013881025
     3696.0000000000        0.1229737554        0.0016191207
     3704.0000000000        0.1370265926        0.0019043669
     3712.0000000000        0.1536326806        0.0022607283
     3720.0000000000        0.1734499718        0.0027118147
     3728.0000000000        0.1973627702        0.0032912978
     3736.0000000000        0.2265819905        0.0040482895
     3744.0000000000        0.2628012962        0.0050562705
     3752.0000000000        0.3084477434        0.0064284374
     3760.0000000000        0.3670983845        0.0083451613
     3768.0000000000        0.4442012888        0.0111054473
     3776.0000000000        0.5483841944        0.0152288011
     3784.0000000000        0.6939684880        0.0216705003
     3792.0000000000        0.9061440290        0.0323142445
     3800.0000000000        1.2325772654        0.0512173359
     3808.0000000000        1.7724834768        0.0881864485
     3816.0000000000        2.7609567630        0.1709586628
     3824.0000000000        4.8697924556        0.3980398683
     3832.0000000000       10.6788571784        1.2705829158
     3840.0000000000       36.9282470067        7.4991087331
     3848.0000000000      176.7644036501       -4.4848365695
     3856.0000000000       34.0412816375       -6.7050739362
     3864.0000000000       10.1795581938       -1.1842933092
     3872.0000000000        4.7117087443       -0.3789898937
     3880.0000000000        2.6926633779       -0.1646871772
     3888.0000000000        1.7371276568       -0.0855696816
     3896.0000000000        1.2119926681       -0.0499425993
     3904.0000000000        0.8931336867       -0.0316219673
     3912.0000000000        0.6852318516       -0.0212630897
     3920.0000000000        0.5422381668       -0.0149737646
     3928.0000000000        0.4397156048       -0.0109377920
     3936.0000000000        0.3637253121       -0.0082304855
     3944.0000000000        0.3058479110       -0.0063473799
     3952.0000000000        0.2607554114       -0.0049973705
     3960.0000000000        0.2249432755       -0.0040044697
     3968.0000000000        0.1960299977       -0.0032580277
     3976.0000000000        0.1723515066       -0.0026861028
     3984.0000000000        0.1527166796       -0.0022405456
     3992.0000000000        0.1362547902       -0.0018883041
